1100000011
1100000011
1100000011
1100000011
1111111111
1111111111
1100000011
1100000011

1100000011
1100000011
1111111111
1111111111
1100000011
1100000011
1100000011
1100000011

1110000011
1111000011
1011100011
1001110011
1000111011
1000011111
1000001111
1000000111

1100000011
1100000011
1100000011
0111111110
0111111110
1100000011
1100000011
1100000011

0100000010
0100000010
0111111110
0111111110
0100000010
0100000010
0100000010
0100000010

0110000110
0110000110
0110000110
0111111110
0111111110
0110000110
0110000110
0110000110

0110000110
0110000110
0111111110
0111111110
0110000110
0110000110
0110000110
0110000110
