0000110000
0000110000
0000110000
0000110000
0000110000
0000110000
0000110000
0000110000

0000110000
0001010000
0010010000
0100010000
0000010000
0000010000
0000010000
0111111110

0000000011
0000001111
0000110011
0001100110
0000001100
0000010000
0001100000
0010000000

0000010000
0000110000
0000110000
0000110000
0000110000
0000110000
0000110000
0011111110

0000111000
0001111000
0011011000
0110011000
1100011000
0000011000
0000011000
0001111100

0000011100
0000011100
0000011100
0000111000
0000111000
0000111000
0001110000
0001110000

0000111000
0000111000
0000111000
0000111000
0000111000
0000111000
0000111000
0000111000
