1111111111
1111111111
1000000001
1000000001
1000000001
1000000001
1000000001
1111111111

0000110000
0001111000
0011001100
0110000110
0011001100
0011001100
0001111000
0000110000

0000000000
0000000000
0001111000
0001001000
0001001000
0001111000
0000000000
0000000000

1111111111
1000000001
1000000001
1000000001
1000000001
1000000001
1111111111
1111111111

1111111111
1111111111
1000000001
1000000001
1000000001
1000000001
1111111111
1111111111

0000000000
0011111100
0011111100
0011001100
0011001100
0011111100
0011111100
0000000000

0000000000
0111111110
0111111110
0110000110
0110000110
0111111110
0111111110
0000000000
