1100000011
0110000110
0011001100
0001001000
0001001000
0001111000
0000110000
0000110000

1000000001
1100000011
0110000110
0011001100
0001111000
0000110000
0000110000
0000110000

1000000001
0100000010
0100000010
0010000100
0001001000
0000110000
0000010000
0000010000

1000000001
0100000010
0010000100
0001001000
0000110000
0000110000
0000110000
0000110000

1100000011
0110000110
0011001100
0001111000
0000110000
0000110000
0000110000
0000110000

1100000011
1100000011
1100000011
0011001100
0011111100
0000110000
0000110000
0000110000

1100000011
1100000011
1100000011
1100000011
1111111111
0000110000
0000110000
0000110000
