0000010000
0000110000
0000110000
0000110000
0000110000
0000110000
0000110000
0011111110

0001111000
0001001000
0001001000
0001001000
0001001000
0001001000
0001001000
0001111000

1100000011
0110000110
0110000110
0011111100
0110000110
0110000110
0110000110
1100000011

1100000011
0100000010
0110000110
0011001100
0001001000
0000110000
0000110000
0000110000

1100000011
0100000010
0110000110
0011001100
0011111100
1100000011
1100000011
1100000011

0000001110
0000001110
0000011100
0000011100
0000111000
0000111000
0001110000
0011100000

0111111110
0100000010
0100000010
0100000010
0100000010
0100000010
0111111110
0000000000
